1.458236815450029160e-17
7.379509044032657248e-17
2.652864138510658831e-01
0.000000000000000000e+00
3.486330599305082551e-16
7.149191465792161547e-19
0.000000000000000000e+00
0.000000000000000000e+00
8.212761248641804751e-17
3.433722331563048244e-17
0.000000000000000000e+00
4.963530255491501730e-01
1.784472678573790064e-16
0.000000000000000000e+00
1.326985938195271665e-20
3.348748565067996108e-18
1.901491036011948577e-01
3.548666789742466716e-17
1.932822134544452528e-17
0.000000000000000000e+00
0.000000000000000000e+00
0.000000000000000000e+00
0.000000000000000000e+00
0.000000000000000000e+00
0.000000000000000000e+00
7.789973454835521458e-18
0.000000000000000000e+00
2.694767132276450455e-17
2.245807754009306061e-17
0.000000000000000000e+00
0.000000000000000000e+00
4.724548475059819498e-17
4.821145699858958578e-02
2.358963133420913612e-17
