0.000000000000000000e+00
6.448802529454312151e-17
4.302750319332534490e-01
0.000000000000000000e+00
0.000000000000000000e+00
0.000000000000000000e+00
0.000000000000000000e+00
1.031336309839645961e-16
0.000000000000000000e+00
0.000000000000000000e+00
0.000000000000000000e+00
2.718601012248573756e-01
0.000000000000000000e+00
0.000000000000000000e+00
2.527699809669018486e-17
3.166190296630776875e-17
2.978648668418925061e-01
5.881856790826968484e-17
0.000000000000000000e+00
2.906367517702394872e-16
0.000000000000000000e+00
1.434969899238629066e-16
6.545318954487471368e-18
2.615269975717210443e-16
8.173326486067178399e-18
0.000000000000000000e+00
0.000000000000000000e+00
0.000000000000000000e+00
0.000000000000000000e+00
0.000000000000000000e+00
0.000000000000000000e+00
0.000000000000000000e+00
0.000000000000000000e+00
0.000000000000000000e+00
