9.802899012428488434e-02
0.000000000000000000e+00
4.087473414796997107e-01
0.000000000000000000e+00
9.520921377681457187e-16
0.000000000000000000e+00
2.954450920022999583e-18
2.089122061108006356e-17
5.089990386640541598e-17
0.000000000000000000e+00
0.000000000000000000e+00
2.594443556183655963e-01
0.000000000000000000e+00
0.000000000000000000e+00
0.000000000000000000e+00
8.399517518152543882e-17
2.337793127776492952e-01
0.000000000000000000e+00
0.000000000000000000e+00
2.118869858215577384e-16
7.935004649878285576e-17
0.000000000000000000e+00
7.074080362289014712e-17
0.000000000000000000e+00
0.000000000000000000e+00
0.000000000000000000e+00
0.000000000000000000e+00
5.393905808115384559e-17
1.149660878649316764e-16
2.464391538059551578e-16
5.854691731421723944e-18
1.068549003620244964e-16
0.000000000000000000e+00
3.494519127192341479e-17
