0.000000000000000000e+00
1.525107672429405253e-16
5.071319503446877208e-01
5.133233596083966902e-17
0.000000000000000000e+00
0.000000000000000000e+00
0.000000000000000000e+00
2.075667448140557548e-17
1.718022969184718385e-16
0.000000000000000000e+00
0.000000000000000000e+00
2.473487081496672513e-01
3.884556021917567510e-16
0.000000000000000000e+00
0.000000000000000000e+00
0.000000000000000000e+00
1.208299924863035085e-01
2.311064084393719947e-16
1.355561912534381006e-16
5.005532488798717242e-17
0.000000000000000000e+00
2.603800602234438572e-16
1.125524354306351549e-16
4.687956089089432791e-17
0.000000000000000000e+00
0.000000000000000000e+00
1.254645931962988833e-16
5.036952930803935789e-17
0.000000000000000000e+00
0.000000000000000000e+00
0.000000000000000000e+00
0.000000000000000000e+00
1.246893490193426574e-01
0.000000000000000000e+00
