5.615996404404401815e-02
0.000000000000000000e+00
1.140524685199205690e-01
0.000000000000000000e+00
2.000703885998047771e-01
5.658340895599629078e-02
4.791157162849224438e-17
1.607180185474529621e-01
0.000000000000000000e+00
0.000000000000000000e+00
2.808548066561272760e-01
3.601499388430559612e-17
8.894189766167237554e-02
1.514193365961466475e-15
2.761056357505897729e-16
0.000000000000000000e+00
0.000000000000000000e+00
4.261904701498091252e-02
6.230774360002633294e-18
0.000000000000000000e+00
0.000000000000000000e+00
0.000000000000000000e+00
0.000000000000000000e+00
2.430340813579928705e-16
1.043104133884725782e-16
9.900459900687164083e-17
2.330933026890164017e-16
1.478919525906008392e-17
0.000000000000000000e+00
1.335127212780118366e-16
9.816773045498439210e-17
1.718426562071634356e-16
2.011533843139512445e-17
0.000000000000000000e+00
5.925164872633281732e-17
0.000000000000000000e+00
2.649519059011451461e-18
4.698661165009054841e-17
0.000000000000000000e+00
0.000000000000000000e+00
2.756245210365493303e-17
4.909741775464826485e-17
0.000000000000000000e+00
1.382417062225325954e-16
3.149031328666257457e-16
8.958864195201393654e-16
0.000000000000000000e+00
1.466129328402468457e-16
0.000000000000000000e+00
2.379493425756253056e-16
0.000000000000000000e+00
1.234601342599978002e-16
5.283113898614522075e-17
0.000000000000000000e+00
