9.795515490704280459e-02
4.163205052237512610e-16
7.643746401630244214e-02
1.219335267791613747e-15
1.465095616690816061e-01
1.485550523333588682e-15
0.000000000000000000e+00
1.487676998892904501e-01
0.000000000000000000e+00
0.000000000000000000e+00
3.214825766384852290e-01
2.049867166200453061e-15
9.844425665313190354e-02
6.044372054465115690e-15
2.510683582692893601e-15
2.232837717752169868e-15
2.185021013813770105e-15
1.104032862266445952e-01
0.000000000000000000e+00
0.000000000000000000e+00
0.000000000000000000e+00
0.000000000000000000e+00
0.000000000000000000e+00
0.000000000000000000e+00
0.000000000000000000e+00
0.000000000000000000e+00
0.000000000000000000e+00
9.232269489916136718e-16
0.000000000000000000e+00
0.000000000000000000e+00
0.000000000000000000e+00
2.851104430128502398e-16
1.096145337041790069e-15
1.001450018154074681e-15
0.000000000000000000e+00
3.195004465394958235e-15
6.194678050955391285e-16
2.807512726531007086e-15
2.812835905088026736e-15
3.765038157139315514e-15
0.000000000000000000e+00
0.000000000000000000e+00
2.206426806940307156e-15
1.984977242660721994e-15
2.026149820160859025e-15
1.017958690296060995e-15
3.758675669156014837e-15
3.188474688404574833e-15
1.459366193835116496e-15
7.290501515477224720e-16
1.487328869006349086e-15
1.941786185647277965e-15
0.000000000000000000e+00
2.833077874945036378e-15
