4.658906687718376155e-02
0.000000000000000000e+00
1.601239813372843934e-01
0.000000000000000000e+00
1.506977033004948119e-01
0.000000000000000000e+00
0.000000000000000000e+00
2.022475852544224628e-01
0.000000000000000000e+00
0.000000000000000000e+00
2.685395894049116272e-01
0.000000000000000000e+00
3.289327013222037577e-02
5.008061362806414535e-03
0.000000000000000000e+00
0.000000000000000000e+00
0.000000000000000000e+00
1.339007423306761146e-01
0.000000000000000000e+00
0.000000000000000000e+00
0.000000000000000000e+00
0.000000000000000000e+00
0.000000000000000000e+00
0.000000000000000000e+00
0.000000000000000000e+00
0.000000000000000000e+00
0.000000000000000000e+00
0.000000000000000000e+00
0.000000000000000000e+00
0.000000000000000000e+00
0.000000000000000000e+00
0.000000000000000000e+00
0.000000000000000000e+00
0.000000000000000000e+00
0.000000000000000000e+00
0.000000000000000000e+00
0.000000000000000000e+00
0.000000000000000000e+00
0.000000000000000000e+00
0.000000000000000000e+00
0.000000000000000000e+00
0.000000000000000000e+00
0.000000000000000000e+00
0.000000000000000000e+00
0.000000000000000000e+00
0.000000000000000000e+00
0.000000000000000000e+00
0.000000000000000000e+00
0.000000000000000000e+00
0.000000000000000000e+00
0.000000000000000000e+00
0.000000000000000000e+00
0.000000000000000000e+00
0.000000000000000000e+00
