2.526378007262562730e-02
8.590946964232015759e-17
6.400040818236331086e-01
2.631900773708562014e-17
0.000000000000000000e+00
1.843685794311600290e-16
9.302454639925628044e-17
0.000000000000000000e+00
0.000000000000000000e+00
0.000000000000000000e+00
0.000000000000000000e+00
1.339173433106040922e-01
0.000000000000000000e+00
0.000000000000000000e+00
0.000000000000000000e+00
1.290878211615553717e-16
2.008147947931386290e-01
0.000000000000000000e+00
0.000000000000000000e+00
2.320599224933661553e-16
1.628336137801666972e-17
0.000000000000000000e+00
1.627387460900742155e-16
0.000000000000000000e+00
0.000000000000000000e+00
0.000000000000000000e+00
0.000000000000000000e+00
0.000000000000000000e+00
6.451002926288751382e-17
0.000000000000000000e+00
5.973276344037325991e-17
0.000000000000000000e+00
0.000000000000000000e+00
0.000000000000000000e+00
