3.219367365505491094e-16
0.000000000000000000e+00
5.501271378704428727e-01
2.011210947326371688e-16
0.000000000000000000e+00
0.000000000000000000e+00
1.173919768546609257e-17
1.174630628827151586e-16
0.000000000000000000e+00
1.498220873447715127e-17
0.000000000000000000e+00
1.828337698287964275e-01
0.000000000000000000e+00
0.000000000000000000e+00
6.093191252151031341e-17
0.000000000000000000e+00
1.847640291297995008e-01
0.000000000000000000e+00
8.027563501935915631e-17
1.783504219282360829e-16
5.584177240071474305e-17
0.000000000000000000e+00
0.000000000000000000e+00
0.000000000000000000e+00
0.000000000000000000e+00
0.000000000000000000e+00
1.063120160303818416e-16
0.000000000000000000e+00
0.000000000000000000e+00
0.000000000000000000e+00
2.005265991943328789e-16
0.000000000000000000e+00
8.227506317096207333e-02
7.921548778132262185e-17
