0.000000000000000000e+00
0.000000000000000000e+00
2.541068912636163524e-01
2.949494405609562678e-02
1.573967661612299696e-16
1.108383955934462643e-17
0.000000000000000000e+00
2.793092262263683285e-17
4.494654479390202887e-17
0.000000000000000000e+00
4.952180873964599357e-17
5.032880162851358641e-01
0.000000000000000000e+00
0.000000000000000000e+00
0.000000000000000000e+00
9.406355528222411736e-17
1.609456802332141778e-01
0.000000000000000000e+00
3.006410936375279252e-17
0.000000000000000000e+00
0.000000000000000000e+00
0.000000000000000000e+00
0.000000000000000000e+00
4.139372187391454071e-17
2.336776236179084872e-17
0.000000000000000000e+00
6.557032734298416520e-17
6.303133739467042069e-17
0.000000000000000000e+00
0.000000000000000000e+00
5.515108317487261453e-17
1.622724109741955727e-17
5.216446816193828773e-02
5.650577369938033829e-17
