3.695103641690390406e-01
2.641387542717810177e-17
1.677762204339849905e-15
0.000000000000000000e+00
1.239514133694052944e-16
4.278532823170921873e-17
7.592125712829744799e-17
2.841964944627628498e-17
0.000000000000000000e+00
0.000000000000000000e+00
3.141204744233627721e-16
3.668545237155621530e-01
1.910906329005701565e-17
1.177985660405500568e-16
0.000000000000000000e+00
2.378468515890075352e-16
2.158119993589737995e-01
2.680689871470409713e-17
8.389014309606590558e-17
1.509073898828261484e-17
0.000000000000000000e+00
2.907694701334562204e-17
8.117963766485214450e-18
0.000000000000000000e+00
0.000000000000000000e+00
1.161451577275096625e-17
0.000000000000000000e+00
0.000000000000000000e+00
4.088119816628155156e-17
0.000000000000000000e+00
6.193504910323444079e-17
7.237727127698545537e-17
4.782311275642311954e-02
0.000000000000000000e+00
