5.868657209010892661e-02
0.000000000000000000e+00
2.827338179432912005e-02
2.449715421698949944e-15
2.104506482260898870e-01
0.000000000000000000e+00
3.393926553167604838e-16
1.921549193390374999e-01
3.430520494071358749e-17
4.791434566139450221e-16
3.797145393224126142e-01
0.000000000000000000e+00
4.880437998078648865e-02
0.000000000000000000e+00
6.810557295090769164e-16
2.313908829320655055e-15
2.128491305463438982e-15
8.191555924724638893e-02
0.000000000000000000e+00
0.000000000000000000e+00
1.167720309299048092e-15
0.000000000000000000e+00
0.000000000000000000e+00
0.000000000000000000e+00
0.000000000000000000e+00
0.000000000000000000e+00
0.000000000000000000e+00
9.876555572124463660e-16
0.000000000000000000e+00
0.000000000000000000e+00
0.000000000000000000e+00
0.000000000000000000e+00
1.445089929965178094e-15
8.086513962549254312e-16
6.342008526581080930e-15
1.301040012944204355e-15
4.970645561954778816e-16
1.842465590411521267e-15
4.064984011646410400e-15
2.634014067972402290e-15
0.000000000000000000e+00
2.671738321404707860e-16
1.981159929865242879e-15
1.520183688843567294e-15
8.788751921426352347e-16
1.824099798532679900e-15
3.450629956211682297e-15
5.535412508712227262e-15
3.451776944701383026e-15
2.026235635186327726e-15
1.676745553044907931e-15
1.789792740707394194e-15
0.000000000000000000e+00
2.526455812626801503e-15
