4.764246516916820218e-02
0.000000000000000000e+00
3.015380880830294541e-01
2.676624113323589071e-16
0.000000000000000000e+00
0.000000000000000000e+00
0.000000000000000000e+00
1.414290481165235425e-01
1.710803265546345653e-16
1.738382658308945672e-16
3.184794455819661696e-01
0.000000000000000000e+00
1.013408593326722978e-01
0.000000000000000000e+00
7.646200296182459333e-16
1.601434371396870393e-16
6.093826073090558015e-16
7.580171619875955558e-02
5.835718193403227616e-17
3.312440924850557078e-16
2.267066742667189772e-16
0.000000000000000000e+00
0.000000000000000000e+00
1.376837751788105753e-02
0.000000000000000000e+00
0.000000000000000000e+00
0.000000000000000000e+00
0.000000000000000000e+00
2.431458897070304381e-16
0.000000000000000000e+00
0.000000000000000000e+00
2.607302936920297132e-16
0.000000000000000000e+00
1.625557869734672867e-16
0.000000000000000000e+00
1.278274361360409728e-16
3.676800617441466912e-17
0.000000000000000000e+00
0.000000000000000000e+00
0.000000000000000000e+00
8.939246912142984058e-17
1.504194989052076714e-16
0.000000000000000000e+00
2.762682660764625986e-16
8.585525953369588237e-18
0.000000000000000000e+00
5.973073056129984959e-16
0.000000000000000000e+00
0.000000000000000000e+00
0.000000000000000000e+00
0.000000000000000000e+00
2.761598458592140481e-16
1.401128020030173449e-16
0.000000000000000000e+00
