6.933275021754614631e-02
1.237866654611643330e-16
1.883948675126232986e-01
9.693918328037491421e-16
1.289078439319538694e-01
2.646829966186845223e-03
0.000000000000000000e+00
1.461599825366773908e-01
3.074674541391538701e-16
0.000000000000000000e+00
3.168164038013646100e-01
0.000000000000000000e+00
2.630820758212773849e-02
0.000000000000000000e+00
2.529372094124638856e-15
1.043314198055644848e-15
1.996437810195309491e-15
1.214331144515100463e-01
0.000000000000000000e+00
0.000000000000000000e+00
1.144781439477539960e-15
0.000000000000000000e+00
0.000000000000000000e+00
0.000000000000000000e+00
0.000000000000000000e+00
0.000000000000000000e+00
0.000000000000000000e+00
1.131294027979291329e-15
0.000000000000000000e+00
0.000000000000000000e+00
0.000000000000000000e+00
7.338905213248071713e-17
1.862820586227430155e-15
5.543159366168696686e-16
2.098548055503289024e-15
2.160002942804548683e-15
2.898237578478467941e-16
1.741386131260791014e-15
0.000000000000000000e+00
1.626378750539680691e-15
0.000000000000000000e+00
5.969827861150816921e-16
8.174122050888174562e-16
5.564437892594908779e-16
2.561904406167189990e-15
5.067751960126853569e-15
1.989333003712858827e-15
0.000000000000000000e+00
1.753539359987995715e-15
1.026431031471853727e-15
1.717798487141245292e-15
1.498736073465259562e-15
0.000000000000000000e+00
1.379757167012710638e-15
